Issue,Approve,Disapprove,None
Race Relations,52,38,10
Education,49,40,11
Terrorism,48,45,7
Energy Policy,47,42,11
Foreign Affairs,44,48,8
Environment,43,51,6
Situation in Iraq,41,53,6
Taxes,41,54,5
Healthcare Policy,40,57,3
Economy,38,59,3
Situation in Afghanistan,36,57,7
Federal Budget Deficit,31,64,5
Immigration,29,62,9
